-0.414499 -0.910016 -0.00789781
0.477665 -0.22494 0.849258
-0.774614 0.348244 0.52792
-0.00895643 0.108924 0.670455
0.104667 -0.993614 0.0421435
0.903604 0.112715 0.413274
-0.415385 -0.00517533 0.909631
0.114762 -0.0805475 1.09967
0.66842 -0.74375 0.00720359
0.272459 0.253852 0.928076
-0.692085 -0.618382 0.372321
0.127382 0.167743 0.934456
1 0 0
0 1 0
0 0 1
0 0 0
1 0 0
0 1 0
0 0 1
0 0 0
1 0 0
0 1 0
0 0 1
0 0 0
1 0 0
0 1 0
0 0 1
0 0 0
1 0 0
0 1 0
0 0 1
0 0 0
