0.670918 0.73847 -0.0673132
-0.288377 0.343469 0.893794
0.68316 -0.580251 0.443398
-0.342788 0.107479 0.738484
-0.0592045 0.997602 -0.0358576
-0.841876 -0.030596 0.538803
0.536413 0.0620872 0.841669
-0.108153 0.258059 0.99043
-0.505589 0.862405 -0.0252324
-0.417546 -0.218986 0.881873
0.755006 0.456401 0.470811
0.226609 0.259051 0.618026
1 0 0
0 1 0
0 0 1
0 0 0
1 0 0
0 1 0
0 0 1
0 0 0
1 0 0
0 1 0
0 0 1
0 0 0
1 0 0
0 1 0
0 0 1
0 0 0
1 0 0
0 1 0
0 0 1
0 0 0
